[gd_scene format=3 uid="uid://bittx0fs6022y"]

[ext_resource type="Script" uid="uid://cu4nfjdmdrmn2" path="res://Levels/GameLevel/Scripts/game_level.gd" id="1_346x0"]
[ext_resource type="Texture2D" uid="uid://th2k24o0ul0h" path="res://Materials/HDRI/puresky_dusk.hdr" id="1_u2db0"]
[ext_resource type="PackedScene" uid="uid://dgsb6f8vuvfy4" path="res://Player/pause_menu.tscn" id="2_fa5cs"]
[ext_resource type="PackedScene" uid="uid://y01nc0no6pym" path="res://Player/Player.tscn" id="3_b6m8f"]
[ext_resource type="Texture2D" uid="uid://6lrfq3q2c5bq" path="res://Textures/rock.png" id="4_cb68q"]
[ext_resource type="Texture2D" uid="uid://b0agfb7xjttyi" path="res://Textures/grass_surface.png" id="5_fa5cs"]
[ext_resource type="PackedScene" uid="uid://bwb3lf4nujqjp" path="res://Objects/house.tscn" id="6_b6m8f"]
[ext_resource type="Material" uid="uid://fcsahucc3s1g" path="res://Materials/Dirt_01.tres" id="6_gtbq3"]
[ext_resource type="Material" uid="uid://b878hbskn5k3x" path="res://Materials/Rocks.tres" id="6_htcji"]
[ext_resource type="PackedScene" uid="uid://6eojjbur7vme" path="res://Objects/Mirror_Frame.tscn" id="7_e84dk"]
[ext_resource type="PackedScene" uid="uid://s33m1nd6cg14" path="res://Objects/TVandStand.tscn" id="8_mp5xv"]
[ext_resource type="PackedScene" uid="uid://bgyqgrie0cthq" path="res://Objects/tall_grass.tscn" id="10_1cpm7"]
[ext_resource type="PackedScene" uid="uid://bbnj28hyq8rk8" path="res://Objects/chair_01.tscn" id="11_gtbq3"]
[ext_resource type="PackedScene" uid="uid://cdopbw81svmv4" path="res://Objects/Collectibles/coin.tscn" id="12_whmur"]
[ext_resource type="PackedScene" uid="uid://cfq7evo0gojtd" path="res://Objects/Collectibles/money.tscn" id="13_pbw2v"]
[ext_resource type="PackedScene" uid="uid://cqcwpovqjciwm" path="res://Objects/rock_platform.tscn" id="14_aiiw7"]
[ext_resource type="PackedScene" uid="uid://c3y1likuy1otx" path="res://Objects/woodboard.tscn" id="15_3arbo"]
[ext_resource type="Script" uid="uid://cbfrmdbmjm4ty" path="res://Levels/GameLevel/Scripts/board_puzzle.gd" id="16_ccm1t"]
[ext_resource type="AudioStream" uid="uid://crav2thmjelef" path="res://Sound/Wood_Creak.wav" id="17_0aqd0"]
[ext_resource type="PackedScene" uid="uid://b045y1rwytbd6" path="res://Objects/street_piece_01.tscn" id="18_5k4mi"]
[ext_resource type="PackedScene" uid="uid://bv5aqeqv5la8e" path="res://Objects/street_piece_2.tscn" id="19_kedka"]
[ext_resource type="PackedScene" uid="uid://b1cylvqn2etwo" path="res://Characters/Marlon.tscn" id="20_08nq6"]
[ext_resource type="ArrayOccluder3D" uid="uid://djuqknwp2s3bl" path="res://Levels/GameLevel/Occluders/game_level2.occ" id="20_kpxfj"]
[ext_resource type="Script" uid="uid://bcffhw2t6yn3v" path="res://Levels/GameLevel/Scripts/marlon.gd" id="20_lr7e5"]
[ext_resource type="ArrayOccluder3D" uid="uid://dwss3j2n4skbw" path="res://Levels/GameLevel/Occluders/game_level.occ" id="21_2lhnd"]
[ext_resource type="PackedScene" uid="uid://dqjdnafyg0qj5" path="res://Objects/food_truck.tscn" id="21_sdc30"]
[ext_resource type="PackedScene" uid="uid://c3ydxgsia0viy" path="res://Objects/table_01.tscn" id="22_8caoe"]
[ext_resource type="Script" uid="uid://garqnprqoipl" path="res://Levels/GameLevel/Scripts/foodtruck.gd" id="22_b2vn3"]
[ext_resource type="ArrayOccluder3D" uid="uid://bdy1ciwg6qcml" path="res://Levels/GameLevel/Occluders/game_level3.occ" id="23_04qmq"]
[ext_resource type="PackedScene" uid="uid://tdlf47wmgnu2" path="res://Objects/chair_02.tscn" id="23_d55es"]
[ext_resource type="PackedScene" uid="uid://b4diasxp813si" path="res://Characters/Chazz.tscn" id="24_11v05"]
[ext_resource type="Material" uid="uid://rki8oc7x474d" path="res://Materials/concrete_01.tres" id="25_xpj2v"]
[ext_resource type="PackedScene" uid="uid://duqalhm7p71ih" path="res://Objects/fence.tscn" id="26_m3kba"]
[ext_resource type="PackedScene" uid="uid://b2u73lik4dojp" path="res://Objects/board.tscn" id="27_xw0dn"]
[ext_resource type="PackedScene" uid="uid://dashixghbg243" path="res://Objects/evil_board.tscn" id="28_gyyqe"]
[ext_resource type="Material" uid="uid://8eqrsqrdn7gc" path="res://Materials/black.tres" id="29_xi8yk"]
[ext_resource type="Script" uid="uid://dfylfhr11ylkx" path="res://Objects/Prototype/reload_box.gd" id="33_mxqbv"]
[ext_resource type="PackedScene" uid="uid://do5g16rx7wb7m" path="res://Objects/Collectibles/moremoney.tscn" id="34_f5lkr"]
[ext_resource type="Script" uid="uid://3nkl5lr803gi" path="res://Levels/GameLevel/Scripts/lever_puzzle.gd" id="36_8mddc"]
[ext_resource type="Material" uid="uid://cxvgjdapex3tk" path="res://Materials/Metal_02.tres" id="36_322ci"]
[ext_resource type="Material" uid="uid://c6e0hm0r68w6o" path="res://Materials/Metal_01.tres" id="36_gtx1n"]
[ext_resource type="PackedScene" uid="uid://dqbfna8sahwt2" path="res://Objects/campfire.tscn" id="40_a266h"]
[ext_resource type="PackedScene" uid="uid://cbb80q10r0cdb" path="res://Objects/propane_tank.tscn" id="44_2lhnd"]
[ext_resource type="PackedScene" uid="uid://d2q0glwt5b8tl" path="res://Particles/fire_jet.tscn" id="45_04qmq"]
[ext_resource type="Script" uid="uid://bm73wrxad5xa4" path="res://Levels/GameLevel/Scripts/propane_tank.gd" id="45_k54xu"]
[ext_resource type="Texture2D" uid="uid://baiv563pxv61x" path="res://Textures/asphalt_road_04.png" id="46_crscw"]
[ext_resource type="PackedScene" uid="uid://dxnbjv7xocpg7" path="res://Objects/awesome_store.tscn" id="46_k54xu"]
[ext_resource type="Script" uid="uid://3ul80ebsi4qr" path="res://Levels/GameLevel/Scripts/checkpoints.gd" id="48_d1u84"]
[ext_resource type="Script" uid="uid://glirm4tqw2wq" path="res://Objects/Scripts/awesome_store_trigger.gd" id="48_oe8pn"]

[sub_resource type="PanoramaSkyMaterial" id="PanoramaSkyMaterial_yvdnq"]
panorama = ExtResource("1_u2db0")
energy_multiplier = 0.25

[sub_resource type="Sky" id="Sky_cb68q"]
sky_material = SubResource("PanoramaSkyMaterial_yvdnq")

[sub_resource type="Environment" id="Environment_fa5cs"]
background_mode = 2
sky = SubResource("Sky_cb68q")
glow_enabled = true
glow_intensity = 0.6

[sub_resource type="StandardMaterial3D" id="StandardMaterial3D_b6m8f"]
albedo_texture = ExtResource("5_fa5cs")
uv1_scale = Vector3(0.2, 0.2, 0.2)
uv1_triplanar = true

[sub_resource type="ViewportTexture" id="ViewportTexture_e84dk"]
viewport_path = NodePath("Beginning/MirrorFrame/Mirror/SubViewport")

[sub_resource type="StandardMaterial3D" id="StandardMaterial3D_wf5o3"]
resource_local_to_scene = true
albedo_texture = SubResource("ViewportTexture_e84dk")

[sub_resource type="BoxShape3D" id="BoxShape3D_e84dk"]
size = Vector3(0.44921875, 1.6132813, 2.3687744)

[sub_resource type="BoxShape3D" id="BoxShape3D_ccm1t"]
size = Vector3(1, 2.574585, 0.44482422)

[sub_resource type="BoxShape3D" id="BoxShape3D_5k4mi"]
size = Vector3(0.53582764, 1.3636131, 0.35302734)

[sub_resource type="BoxShape3D" id="BoxShape3D_08nq6"]
size = Vector3(1.826416, 2.9614258, 0.15673828)

[sub_resource type="BoxShape3D" id="BoxShape3D_sdc30"]
size = Vector3(0.08441162, 2.6713867, 3.710205)

[sub_resource type="BoxShape3D" id="BoxShape3D_8caoe"]
size = Vector3(0.65283203, 0.08203125, 3.803955)

[sub_resource type="BoxShape3D" id="BoxShape3D_b2vn3"]
size = Vector3(1, 1.591919, 1)

[sub_resource type="BoxShape3D" id="BoxShape3D_0aqd0"]
size = Vector3(5.402832, 2.906372, 2.1479492)

[sub_resource type="BoxShape3D" id="BoxShape3D_gtx1n"]
size = Vector3(3.2817383, 3.6230469, 1.4327393)

[sub_resource type="Animation" id="Animation_a266h"]
resource_name = "Platform"
length = 3.0
loop_mode = 2
tracks/0/type = "position_3d"
tracks/0/imported = false
tracks/0/enabled = true
tracks/0/path = NodePath("Platform")
tracks/0/interp = 1
tracks/0/loop_wrap = true
tracks/0/keys = PackedFloat32Array()
tracks/1/type = "value"
tracks/1/imported = false
tracks/1/enabled = true
tracks/1/path = NodePath("Platform:position")
tracks/1/interp = 1
tracks/1/loop_wrap = true
tracks/1/keys = {
"times": PackedFloat32Array(0, 3),
"transitions": PackedFloat32Array(1, 1),
"update": 0,
"values": [Vector3(79.91057, 0.74449503, -42.19408), Vector3(79.91057, 28.765549, -42.19408)]
}

[sub_resource type="Animation" id="Animation_yjt3n"]
resource_name = "PullOff"
length = 0.4
tracks/0/type = "value"
tracks/0/imported = false
tracks/0/enabled = true
tracks/0/path = NodePath("Node3D:rotation")
tracks/0/interp = 1
tracks/0/loop_wrap = true
tracks/0/keys = {
"times": PackedFloat32Array(0, 0.4),
"transitions": PackedFloat32Array(1, 1),
"update": 0,
"values": [Vector3(0, 0, -1.0471976), Vector3(0, 0, 0)]
}

[sub_resource type="Animation" id="Animation_gtx1n"]
length = 0.001
tracks/0/type = "value"
tracks/0/imported = false
tracks/0/enabled = true
tracks/0/path = NodePath("Node3D:rotation")
tracks/0/interp = 1
tracks/0/loop_wrap = true
tracks/0/keys = {
"times": PackedFloat32Array(0),
"transitions": PackedFloat32Array(1),
"update": 0,
"values": [Vector3(0, 0, 0)]
}
tracks/1/type = "value"
tracks/1/imported = false
tracks/1/enabled = true
tracks/1/path = NodePath("Platform:position")
tracks/1/interp = 1
tracks/1/loop_wrap = true
tracks/1/keys = {
"times": PackedFloat32Array(0),
"transitions": PackedFloat32Array(1),
"update": 0,
"values": [Vector3(79.91057, 0.74449503, -42.19408)]
}

[sub_resource type="Animation" id="Animation_8mddc"]
resource_name = "pullOn"
length = 0.4
tracks/0/type = "value"
tracks/0/imported = false
tracks/0/enabled = true
tracks/0/path = NodePath("Node3D:rotation")
tracks/0/interp = 1
tracks/0/loop_wrap = true
tracks/0/keys = {
"times": PackedFloat32Array(0, 0.4),
"transitions": PackedFloat32Array(1, 1),
"update": 0,
"values": [Vector3(0, 0, 0), Vector3(0, 0, -1.0471976)]
}

[sub_resource type="AnimationLibrary" id="AnimationLibrary_yjt3n"]
_data = {
&"Platform": SubResource("Animation_a266h"),
&"PullOff": SubResource("Animation_yjt3n"),
&"RESET": SubResource("Animation_gtx1n"),
&"pullOn": SubResource("Animation_8mddc")
}

[sub_resource type="Animation" id="Animation_ekfog"]
resource_name = "Platform"
length = 6.0
loop_mode = 2
tracks/0/type = "position_3d"
tracks/0/imported = false
tracks/0/enabled = true
tracks/0/path = NodePath("Platform")
tracks/0/interp = 1
tracks/0/loop_wrap = true
tracks/0/keys = PackedFloat32Array()
tracks/1/type = "value"
tracks/1/imported = false
tracks/1/enabled = true
tracks/1/path = NodePath("Platform:position")
tracks/1/interp = 1
tracks/1/loop_wrap = true
tracks/1/keys = {
"times": PackedFloat32Array(0, 6),
"transitions": PackedFloat32Array(1, 1),
"update": 0,
"values": [Vector3(79.91057, 0.74449503, -42.19408), Vector3(79.91056, 28.543251, -42.194077)]
}

[sub_resource type="Animation" id="Animation_dp785"]
length = 0.001
tracks/0/type = "value"
tracks/0/imported = false
tracks/0/enabled = true
tracks/0/path = NodePath("Platform:position")
tracks/0/interp = 1
tracks/0/loop_wrap = true
tracks/0/keys = {
"times": PackedFloat32Array(0),
"transitions": PackedFloat32Array(1),
"update": 0,
"values": [Vector3(79.91057, 0.74449503, -42.19408)]
}

[sub_resource type="AnimationLibrary" id="AnimationLibrary_kpxfj"]
_data = {
&"Platform": SubResource("Animation_ekfog"),
&"RESET": SubResource("Animation_dp785")
}

[sub_resource type="StandardMaterial3D" id="StandardMaterial3D_htcji"]
albedo_texture = ExtResource("4_cb68q")
uv1_scale = Vector3(1, -0.055, 1)
uv1_triplanar = true

[sub_resource type="BoxShape3D" id="BoxShape3D_11v05"]

[sub_resource type="BoxMesh" id="BoxMesh_xpj2v"]

[sub_resource type="StandardMaterial3D" id="StandardMaterial3D_8mddc"]
albedo_texture = ExtResource("4_cb68q")
uv1_scale = Vector3(1, -0.055, 1)
uv1_triplanar = true

[sub_resource type="CylinderShape3D" id="CylinderShape3D_04qmq"]
height = 14.129852
radius = 0.7138672

[sub_resource type="Animation" id="Animation_crscw"]
length = 0.001
tracks/0/type = "value"
tracks/0/imported = false
tracks/0/enabled = true
tracks/0/path = NodePath(".:position")
tracks/0/interp = 1
tracks/0/loop_wrap = true
tracks/0/keys = {
"times": PackedFloat32Array(0),
"transitions": PackedFloat32Array(1),
"update": 0,
"values": [Vector3(349.342, 26.531208, 57.713943)]
}
tracks/1/type = "value"
tracks/1/imported = false
tracks/1/enabled = true
tracks/1/path = NodePath("Pipe:rotation")
tracks/1/interp = 1
tracks/1/loop_wrap = true
tracks/1/keys = {
"times": PackedFloat32Array(0),
"transitions": PackedFloat32Array(1),
"update": 0,
"values": [Vector3(0, 0.13559464, 0)]
}

[sub_resource type="Animation" id="Animation_oe8pn"]
resource_name = "movement"
length = 12.0
loop_mode = 1
tracks/0/type = "value"
tracks/0/imported = false
tracks/0/enabled = true
tracks/0/path = NodePath(".:position")
tracks/0/interp = 1
tracks/0/loop_wrap = true
tracks/0/keys = {
"times": PackedFloat32Array(0, 6.0000005, 12),
"transitions": PackedFloat32Array(1, 1, 1),
"update": 0,
"values": [Vector3(-39.655457, 144.66089, 57.713943), Vector3(-17.653809, 144.66089, 57.713943), Vector3(-39.655457, 144.66089, 57.713943)]
}
tracks/1/type = "value"
tracks/1/imported = false
tracks/1/enabled = true
tracks/1/path = NodePath("Pipe:rotation")
tracks/1/interp = 1
tracks/1/loop_wrap = true
tracks/1/keys = {
"times": PackedFloat32Array(0, 6.0000005, 6.0346575, 12),
"transitions": PackedFloat32Array(1, 1, 1, 1),
"update": 0,
"values": [Vector3(0, 0.27949706, 0), Vector3(0, 0.27949706, 0), Vector3(0, -0.27925268, 0), Vector3(0, -0.27925268, 0)]
}

[sub_resource type="AnimationLibrary" id="AnimationLibrary_d1u84"]
_data = {
&"RESET": SubResource("Animation_crscw"),
&"movement": SubResource("Animation_oe8pn")
}

[sub_resource type="StandardMaterial3D" id="StandardMaterial3D_oe8pn"]
albedo_texture = ExtResource("5_fa5cs")
uv1_scale = Vector3(5, 0.1, 5)
uv1_triplanar = true

[sub_resource type="StandardMaterial3D" id="StandardMaterial3D_d1u84"]
albedo_texture = ExtResource("46_crscw")
uv1_scale = Vector3(0.1, 0.1, 0.1)
uv1_triplanar = true
uv1_world_triplanar = true

[sub_resource type="BoxShape3D" id="BoxShape3D_crscw"]
size = Vector3(4.4128723, 6.164795, 1)

[sub_resource type="BoxShape3D" id="BoxShape3D_oe8pn"]

[sub_resource type="BoxShape3D" id="BoxShape3D_d1u84"]
size = Vector3(1, 6.145874, 23.619263)

[sub_resource type="BoxShape3D" id="BoxShape3D_rpgpn"]
size = Vector3(1, 9.05481, 36.163574)

[sub_resource type="BoxShape3D" id="BoxShape3D_1ygiw"]
size = Vector3(609.682, 1, 419.81976)

[node name="game_level" type="Node3D" unique_id=1264758789]
script = ExtResource("1_346x0")

[node name="Player" parent="." unique_id=415425465 instance=ExtResource("3_b6m8f")]
transform = Transform3D(-0.70710677, 0, 0.70710677, 0, 1, 0, -0.70710677, 0, -0.70710677, 0, 3.6154003, 0)

[node name="CanvasLayer" type="CanvasLayer" parent="." unique_id=752345499]

[node name="PauseMenu" parent="CanvasLayer" unique_id=1064055106 instance=ExtResource("2_fa5cs")]

[node name="Environment" type="Node" parent="." unique_id=71948187]

[node name="WorldEnvironment" type="WorldEnvironment" parent="Environment" unique_id=1013910137]
environment = SubResource("Environment_fa5cs")

[node name="DirectionalLight3D" type="DirectionalLight3D" parent="Environment" unique_id=2067661062]
transform = Transform3D(0.7299356, 0.25396872, -0.6345816, 0, 0.928408, 0.37156236, 0.68351597, -0.2712166, 0.67767817, -11.357981, 5.4131355, 10.45929)
light_color = Color(0.904459, 0.82025677, 7.70092e-07, 1)
shadow_enabled = true

[node name="Beginning" type="Node3D" parent="." unique_id=827018081]

[node name="OmniLight3D" type="OmniLight3D" parent="Beginning" unique_id=1722479050]
transform = Transform3D(1, 0, 0, 0, 1, 0, 0, 0, 1, 0, 8.522417, 0)
light_color = Color(0.9630161, 0.77281606, 3.85046e-07, 1)
light_energy = 5.689
shadow_enabled = true
omni_range = 9.658691

[node name="CSGCombiner3D" type="CSGCombiner3D" parent="Beginning" unique_id=1877268991]
use_collision = true

[node name="BasePlate" type="CSGBox3D" parent="Beginning/CSGCombiner3D" unique_id=575837449]
transform = Transform3D(30, 0, 0, 0, 1, 0, 0, 0, 30, 0, -1378.2305, 0)
use_collision = true
size = Vector3(1, 2757.461, 1)
material = ExtResource("6_htcji")

[node name="Grass" type="CSGBox3D" parent="Beginning/CSGCombiner3D" unique_id=668599984]
transform = Transform3D(30, 0, 0, 0, 1, 0, 0, 0, 30, 0, 1, 0)
material = SubResource("StandardMaterial3D_b6m8f")

[node name="negative" type="CSGBox3D" parent="Beginning/CSGCombiner3D" unique_id=1131799052]
transform = Transform3D(1, 0, 0, 0, 1, 0, 0, 0, 1, 7.852089, 1.4231306, -0.03443384)
operation = 2
size = Vector3(3.7983398, 0.1940918, 9.867349)
material = ExtResource("6_gtbq3")

[node name="Dirt" type="CSGBox3D" parent="Beginning/CSGCombiner3D" unique_id=1888103011]
transform = Transform3D(1, 0, 0, 0, 1, 0, 0, 0, 1, 7.852089, 1.3811697, -0.03443384)
size = Vector3(3.7983398, 0.1940918, 9.867349)
material = ExtResource("6_gtbq3")

[node name="CSGBox3D6" type="CSGBox3D" parent="Beginning/CSGCombiner3D" unique_id=1664987118]
transform = Transform3D(1, 0, 0, 0, 1.0000001, 0, 0, 0, 1.0000001, -11.728861, -12.400162, 8.943734)
operation = 2
use_collision = true
size = Vector3(10.404419, 6.963196, 5.9428787)
material = ExtResource("6_htcji")

[node name="CSGBox3D" type="CSGBox3D" parent="Beginning/CSGCombiner3D" unique_id=1403405252]
transform = Transform3D(1, 0, 0, 0, 0.9411701, -0.33793315, 0, 0.33793315, 0.9411701, -15.972208, -2.463803, 2.9853287)
use_collision = true
size = Vector3(2.7138672, 1, 19.135773)
material = ExtResource("6_htcji")

[node name="CSGBox3D5" type="CSGBox3D" parent="Beginning/CSGCombiner3D" unique_id=1971165558]
transform = Transform3D(1, 0, 0, 0, 0.9411701, -0.33793315, 0, 0.33793315, 0.9411701, -15.972208, -13.651766, 1.2791396)
use_collision = true
size = Vector3(2.7138672, 1, 15.998173)
material = ExtResource("6_htcji")

[node name="CSGBox3D3" type="CSGBox3D" parent="Beginning/CSGCombiner3D" unique_id=1144871016]
transform = Transform3D(1, 0, 0, 0, 0.9586114, 0.28471813, 0, -0.28471813, 0.9586114, -18.714823, -8.314798, 2.9259272)
use_collision = true
size = Vector3(2.7138672, 1, 19.135773)
material = ExtResource("6_htcji")

[node name="CSGBox3D2" type="CSGBox3D" parent="Beginning/CSGCombiner3D" unique_id=1594984947]
transform = Transform3D(1, 0, 0, 0, 1.0000001, 0, 0, 0, 1.0000001, -17.329386, -5.64086, 13.554456)
use_collision = true
size = Vector3(5.4282227, 1, 3.3584137)
material = ExtResource("6_htcji")

[node name="CSGBox3D4" type="CSGBox3D" parent="Beginning/CSGCombiner3D" unique_id=96170385]
transform = Transform3D(1, 0, 0, 0, 1.0000001, 0, 0, 0, 1.0000001, -17.329386, -10.987843, -7.695195)
use_collision = true
size = Vector3(5.4282227, 1, 3.3584137)
material = ExtResource("6_htcji")

[node name="CSGBox3D7" type="CSGBox3D" parent="Beginning/CSGCombiner3D" unique_id=1573842772]
transform = Transform3D(1, 0, 0, 0, 1.0000001, 0, 0, 0, 1.0000001, -15.942789, -16.262056, 9.108701)
use_collision = true
size = Vector3(2.6550293, 1, 6.1370926)
material = ExtResource("6_htcji")

[node name="House" parent="Beginning" unique_id=85175485 instance=ExtResource("6_b6m8f")]
transform = Transform3D(0.3, 0, 0, 0, 0.3, 0, 0, 0, 0.3, 0, 2.0067327, 0)

[node name="MirrorFrame" parent="Beginning" unique_id=51320287 instance=ExtResource("7_e84dk")]
transform = Transform3D(0.61425763, 0, 1.2353908, 0, 1.3668356, 0, -0.78910553, 0, 0.9616562, -4.5441933, 3.6570225, 4.547495)

[node name="Mirror" type="CSGBox3D" parent="Beginning/MirrorFrame" unique_id=1472066720]
transform = Transform3D(0.9834801, 2.9802322e-08, -0.1810169, 0.18101701, -3.2375493e-08, 0.9834801, 0, -0.62076646, -2.2351742e-08, 0.008947849, -0.0045859814, -0.007935524)
size = Vector3(0.030212402, 1.5871582, 1.5886841)
material = SubResource("StandardMaterial3D_wf5o3")

[node name="SubViewport" type="SubViewport" parent="Beginning/MirrorFrame/Mirror" unique_id=1991011912]
size = Vector2i(300, 512)

[node name="Camera3D" type="Camera3D" parent="Beginning/MirrorFrame/Mirror/SubViewport" unique_id=1790595056]
transform = Transform3D(0.7071068, 2.9802322e-08, -0.7071069, 4.371139e-08, 1.0000001, 0, 0.7071068, 2.9802322e-08, 0.7071069, -4.4568152, 3.4491222, 4.428523)

[node name="StaticBody3D" type="StaticBody3D" parent="Beginning" unique_id=926325093]
transform = Transform3D(1, 0, 0, 0, 1, 0, 0, 0, 1, 10.955462, 1.998971, 0)

[node name="CollisionShape3D" type="CollisionShape3D" parent="Beginning/StaticBody3D" unique_id=1183525357]
transform = Transform3D(0.5489645, -0.8358457, 0, 0.8358457, 0.5489645, 0, 0, 0, 1, 0.04992199, -0.30251837, 0.0037231445)
shape = SubResource("BoxShape3D_e84dk")

[node name="TVandStand" parent="Beginning" unique_id=1602342262 instance=ExtResource("8_mp5xv")]
transform = Transform3D(-0.9, 0, -1.3589622e-07, 0, 0.9, 0, 1.3589622e-07, 0, -0.9, 4.514111, 3.0543594, -3.7998466)

[node name="Details" type="Node3D" parent="Beginning" unique_id=185909325]

[node name="Tall_Grass" parent="Beginning/Details" unique_id=35527728 instance=ExtResource("10_1cpm7")]
transform = Transform3D(1, 0, 0, 0, 1, 0, 0, 0, 1, 11.824181, 1.5340273, 13.030735)

[node name="Tall_Grass2" parent="Beginning/Details" unique_id=1283195438 instance=ExtResource("10_1cpm7")]
transform = Transform3D(1, 0, 0, 0, 1, 0, 0, 0, 1, 0.8420007, 1.5340285, 10.213456)

[node name="Tall_Grass3" parent="Beginning/Details" unique_id=43556190 instance=ExtResource("10_1cpm7")]
transform = Transform3D(1, 0, 0, 0, 1, 0, 0, 0, 1, 9.501259, 1.5340278, 8.606607)

[node name="Tall_Grass4" parent="Beginning/Details" unique_id=1197677972 instance=ExtResource("10_1cpm7")]
transform = Transform3D(1, 0, 0, 0, 1, 0, 0, 0, 1, -11.312548, 1.5340285, 12.10447)

[node name="Tall_Grass5" parent="Beginning/Details" unique_id=414990847 instance=ExtResource("10_1cpm7")]
transform = Transform3D(1, 0, 0, 0, 1, 0, 0, 0, 1, -11.036486, 1.5340278, 6.353162)

[node name="Tall_Grass6" parent="Beginning/Details" unique_id=336142155 instance=ExtResource("10_1cpm7")]
transform = Transform3D(1, 0, 0, 0, 1, 0, 0, 0, 1, -4.960267, 1.5340276, 13.05582)

[node name="Tall_Grass7" parent="Beginning/Details" unique_id=717766478 instance=ExtResource("10_1cpm7")]
transform = Transform3D(1, 0, 0, 0, 1, 0, 0, 0, 1, -9.768823, 1.5340269, 1.2045212)

[node name="Tall_Grass8" parent="Beginning/Details" unique_id=1999675757 instance=ExtResource("10_1cpm7")]
transform = Transform3D(1, 0, 0, 0, 1, 0, 0, 0, 1, -11.794324, 1.5340276, -11.014967)

[node name="Tall_Grass9" parent="Beginning/Details" unique_id=18560583 instance=ExtResource("10_1cpm7")]
transform = Transform3D(1, 0, 0, 0, 1, 0, 0, 0, 1, -11.764381, 1.5340295, -4.22134)

[node name="Tall_Grass10" parent="Beginning/Details" unique_id=1931326040 instance=ExtResource("10_1cpm7")]
transform = Transform3D(1, 0, 0, 0, 1, 0, 0, 0, 1, -6.8027887, 1.5340297, -9.488014)

[node name="Tall_Grass11" parent="Beginning/Details" unique_id=679636817 instance=ExtResource("10_1cpm7")]
transform = Transform3D(1, 0, 0, 0, 1, 0, 0, 0, 1, -7.851858, 1.5340276, -11.995121)

[node name="Tall_Grass12" parent="Beginning/Details" unique_id=43989153 instance=ExtResource("10_1cpm7")]
transform = Transform3D(1, 0, 0, 0, 1, 0, 0, 0, 1, -2.1680527, 1.5340278, -8.511362)

[node name="Tall_Grass13" parent="Beginning/Details" unique_id=74020184 instance=ExtResource("10_1cpm7")]
transform = Transform3D(1, 0, 0, 0, 1, 0, 0, 0, 1, -1.8933706, 1.5340297, -13.558935)

[node name="Tall_Grass14" parent="Beginning/Details" unique_id=1670759365 instance=ExtResource("10_1cpm7")]
transform = Transform3D(1, 0, 0, 0, 1, 0, 0, 0, 1, 5.098439, 1.5340285, -10.9962)

[node name="Tall_Grass15" parent="Beginning/Details" unique_id=238268941 instance=ExtResource("10_1cpm7")]
transform = Transform3D(1, 0, 0, 0, 1, 0, 0, 0, 1, 11.332175, 1.5340297, -6.3922424)

[node name="Tall_Grass16" parent="Beginning/Details" unique_id=337524673 instance=ExtResource("10_1cpm7")]
transform = Transform3D(1, 0, 0, 0, 1, 0, 0, 0, 1, 9.652994, 1.5340278, -10.636068)

[node name="Tall_Grass17" parent="Beginning/Details" unique_id=1519932054 instance=ExtResource("10_1cpm7")]
transform = Transform3D(1, 0, 0, 0, 1, 0, 0, 0, 1, 12.779169, 1.5340271, 3.338613)

[node name="Chair01" parent="Beginning" unique_id=243274306 instance=ExtResource("11_gtbq3")]
transform = Transform3D(0.25, 0, 0, 0, 0.25, 0, 0, 0, 0.25, 0.12577426, 2.890442, -3.9023654)

[node name="Money" parent="Beginning" unique_id=1348732268 instance=ExtResource("12_whmur")]
transform = Transform3D(1, 0, 0, 0, 1, 0, 0, 0, 1, 5.5669737, 3.4689255, -0.024711013)

[node name="Money2" parent="Beginning" unique_id=485728704 instance=ExtResource("13_pbw2v")]
transform = Transform3D(1, 0, 0, 0, 1, 0, 0, 0, 1, -6.4954543, 2.5, -0.3540541)

[node name="Money3" parent="Beginning" unique_id=2092873549 instance=ExtResource("12_whmur")]
transform = Transform3D(1, 0, 0, 0, 1, 0, 0, 0, 1, -6.5012054, 2.5, -0.9706737)

[node name="Money4" parent="Beginning" unique_id=234183329 instance=ExtResource("12_whmur")]
transform = Transform3D(1, 0, 0, 0, 1, 0, 0, 0, 1, -6.5796695, 2.5000002, 0.23096085)

[node name="BoardPuzzle" type="StaticBody3D" parent="Beginning" unique_id=1774691394]
transform = Transform3D(1, 0, 0, 0, 1, 0, 0, 0, 1, 5.205042, 4.6095285, 9)
script = ExtResource("16_ccm1t")

[node name="CollisionShape3D" type="CollisionShape3D" parent="Beginning/BoardPuzzle" unique_id=1113914994]
transform = Transform3D(1, 0, 0, 0, 0.9324689, 0.36125028, 0, -0.36125028, 0.9324689, -4.228058, -1.875737, 1.111784)
shape = SubResource("BoxShape3D_ccm1t")

[node name="Woodboard" parent="Beginning/BoardPuzzle" unique_id=284331359 instance=ExtResource("15_3arbo")]
transform = Transform3D(0.40030494, 0.0053075003, 8.23892, 9.313226e-10, 0.15196343, -0.49093333, -0.47638896, 0.0044598402, 6.923083, 13.6329365, -3.2791533, 8.284582)

[node name="Woodboard2" parent="Beginning/BoardPuzzle" unique_id=650120972 instance=ExtResource("15_3arbo")]
transform = Transform3D(0.6222463, 0, 0, 0, 0.053738825, -10.078072, 0, 0.14231332, 3.805573, -4.277849, 1.9486904, -0.3585098)

[node name="Place" type="AudioStreamPlayer3D" parent="Beginning/BoardPuzzle" unique_id=402206346]
stream = ExtResource("17_0aqd0")

[node name="RockPlatform6" parent="Beginning" unique_id=262778289 instance=ExtResource("14_aiiw7")]
transform = Transform3D(0.86733305, 0.14416488, -0.47639266, -0.087345235, 0.98636657, 0.13946903, 0.49000436, -0.07935546, 0.8681005, 23.575249, -0.06857154, 20.775164)

[node name="Money5" parent="Beginning" unique_id=67286355 instance=ExtResource("13_pbw2v")]
transform = Transform3D(1, 0, 0, 0, 1, 0, 0, 0, 1, 23.455091, 1.8997127, 20.257734)

[node name="Money6" parent="Beginning" unique_id=200119222 instance=ExtResource("13_pbw2v")]
transform = Transform3D(1, 0, 0, 0, 1, 0, 0, 0, 1, 23.455091, 1.8997127, 21.178349)

[node name="Money7" parent="Beginning" unique_id=2006457010 instance=ExtResource("13_pbw2v")]
transform = Transform3D(1, 0, 0, 0, 1, 0, 0, 0, 1, 24.406305, 1.8997127, 21.178349)

[node name="Money8" parent="Beginning" unique_id=715422357 instance=ExtResource("13_pbw2v")]
transform = Transform3D(1, 0, 0, 0, 1, 0, 0, 0, 1, 24.406305, 1.8997127, 20.358536)

[node name="OccluderInstance3D" type="OccluderInstance3D" parent="Beginning" unique_id=1282472479]
transform = Transform3D(1, 0, 0, 0, 1, 0, 0, 0, 1, 5.527552, 5.204923, 3.3775716)
occluder = ExtResource("20_kpxfj")

[node name="OccluderInstance3D2" type="OccluderInstance3D" parent="Beginning" unique_id=1085894283]
transform = Transform3D(1, 0, 0, 0, 1, 0, 0, 0, 1, 5.527552, 5.204923, -3.161847)
occluder = ExtResource("21_2lhnd")

[node name="Money9" parent="Beginning" unique_id=1554944644 instance=ExtResource("34_f5lkr")]
transform = Transform3D(1, 0, 0, 0, 1, 0, 0, 0, 1, -11.078503, -14.88176, 8.802517)

[node name="Money10" parent="Beginning" unique_id=313083281 instance=ExtResource("12_whmur")]
transform = Transform3D(1, 0, 0, 0, 1, 0, 0, 0, 1, -11.786938, -14.88176, 7.134589)

[node name="Money11" parent="Beginning" unique_id=1570380774 instance=ExtResource("12_whmur")]
transform = Transform3D(1, 0, 0, 0, 1, 0, 0, 0, 1, -11.608189, -14.88176, 8.589434)

[node name="Money12" parent="Beginning" unique_id=1119748511 instance=ExtResource("12_whmur")]
transform = Transform3D(1, 0, 0, 0, 1, 0, 0, 0, 1, -11.592592, -14.88176, 10.279218)

[node name="OccluderInstance3D3" type="OccluderInstance3D" parent="Beginning" unique_id=1906002746]
transform = Transform3D(1, 0, 0, 0, 1, 0, 0, 0, 1, 15.528315, -50.999813, 0)
occluder = ExtResource("23_04qmq")

[node name="Campfire" parent="Beginning" unique_id=956886595 instance=ExtResource("40_a266h")]
transform = Transform3D(1, 0, 0, 0, 1, 0, 0, 0, 1, -8.780038, -15.823114, 9.043909)

[node name="Part1" type="Node3D" parent="." unique_id=1607528292]

[node name="RockPlatform" parent="Part1" unique_id=2134912655 instance=ExtResource("14_aiiw7")]
transform = Transform3D(0.8205277, -0.18033034, 0.5424161, 0.2409338, 0.9696277, -0.042107105, -0.51834846, 0.16523644, 0.83905405, 19.131393, -4.7683716e-07, -1.8039131)

[node name="RockPlatform2" parent="Part1" unique_id=119395226 instance=ExtResource("14_aiiw7")]
transform = Transform3D(0.9888709, 0.14877598, 0, -0.14591324, 0.96984315, 0.19522728, 0.02904512, -0.19305459, 0.9807581, 23.053059, -0.30572367, 1.0825852)

[node name="RockPlatform3" parent="Part1" unique_id=934549684 instance=ExtResource("14_aiiw7")]
transform = Transform3D(0.8186712, 0, -0.5742625, -0.11283902, 0.9805051, -0.16086382, 0.5630673, 0.19649379, 0.80271125, 27.24623, 0.7745352, -0.06700641)

[node name="RockPlatform4" parent="Part1" unique_id=769159500 instance=ExtResource("14_aiiw7")]
transform = Transform3D(0.62959164, -0.12299868, -0.7671282, 0.16556397, 0.9859491, -0.022203267, 0.75908035, -0.1130298, 0.64110947, 32.127213, 0.111135006, 0.8004756)

[node name="RockPlatform17" parent="Part1" unique_id=1150768638 instance=ExtResource("14_aiiw7")]
transform = Transform3D(0.37376583, -0.9251127, -0.06682517, 0.87683815, 0.37591338, -0.2997401, 0.3024139, 0.053437814, 0.95167756, 30.155441, -15.739214, 5.2163653)

[node name="RockPlatform18" parent="Part1" unique_id=5924785 instance=ExtResource("14_aiiw7")]
transform = Transform3D(-0.6166456, -0.67186165, -0.41030514, -0.78542364, 0.48965895, 0.3786082, -0.053462908, 0.5557303, -0.8296418, 36.1424, -11.906647, -13.824108)

[node name="RockPlatform19" parent="Part1" unique_id=1118211960 instance=ExtResource("14_aiiw7")]
transform = Transform3D(-0.24938604, -0.43738392, 0.8640034, 0.36359036, 0.7846319, 0.5021504, -0.89755726, 0.43937287, -0.036647737, 25.969479, -36.022247, -5.916503)

[node name="RockPlatform20" parent="Part1" unique_id=886896433 instance=ExtResource("14_aiiw7")]
transform = Transform3D(-0.10203507, 0.9825911, -0.15525514, -0.03606931, -0.15962146, -0.98651916, -0.99412686, -0.09505936, 0.05172824, 45.652832, -17.245216, 12.7406645)

[node name="RockPlatform5" parent="Part1" unique_id=1446528477 instance=ExtResource("14_aiiw7")]
transform = Transform3D(0.9520935, -0.12319483, 0.27989474, 0.14549634, 0.9875215, -0.060267545, -0.26897737, 0.098103985, 0.95813715, 29.947445, 0.76922154, -12.642478)

[node name="RockPlatform6" parent="Part1" unique_id=1391632827 instance=ExtResource("14_aiiw7")]
transform = Transform3D(0.6113234, -0.09745556, -0.7853572, -0.20129171, 0.9406014, -0.2734058, 0.765353, 0.32522523, 0.55539477, 35.353027, -0.5753499, 5.051857)

[node name="StreetPiece_01" parent="Part1" unique_id=1678977877 instance=ExtResource("18_5k4mi")]
transform = Transform3D(-0.034971874, 0.047842704, 0.99824256, 0.06527717, 0.9968298, -0.045488123, -0.9972541, 0.06357163, -0.03798404, 46.664223, 0, 1.8067265)

[node name="CollisionShape3D" parent="Part1/StreetPiece_01/LightPost" parent_id_path=PackedInt32Array(1678977877, 456246504) index="2"]
transform = Transform3D(1, -3.1292439e-07, 0, 0, 1.0000001, 1.8626451e-09, 0, 1.6042031e-07, 1.0000002, 0, 0.99503446, 7.6293945e-06)

[node name="StreetPiece_02" parent="Part1" unique_id=218655034 instance=ExtResource("18_5k4mi")]
transform = Transform3D(-0.17440715, -0.046798907, 0.9835609, 0.10852899, 0.9918707, 0.0664389, -0.9786743, 0.11833227, -0.16791028, 60.807037, -0.6444627, 1.2685795)

[node name="StreetPiece_03" parent="Part1" unique_id=1451718498 instance=ExtResource("18_5k4mi")]
transform = Transform3D(0.0055722147, -0.14860918, 0.9888804, -0.028661612, 0.9884657, 0.14870839, -0.9995735, -0.029171571, 0.0012486354, 76.88888, 0.5478921, -1.2566978)

[node name="StreetPiece_04" parent="Part1" unique_id=97983442 instance=ExtResource("18_5k4mi")]
transform = Transform3D(-0.13286312, -0.06680678, 0.9888805, 0.8872217, 0.43671897, 0.14870839, -0.4417974, 0.8971141, 0.0012486372, 89.56472, -8.982994, 2.4661086)

[node name="CollisionShape3D4" parent="Part1/StreetPiece_04/LightPost2" parent_id_path=PackedInt32Array(97983442, 1023726483) index="5"]
transform = Transform3D(0.51782084, 0.19650492, -0.007042457, -0.7504343, 0.13558269, -0.009182448, -0.0032441998, 0.0026290289, 0.9999335, 0.17828083, 3.5589075, -0.00022125244)

[node name="CollisionShape3D4" type="CollisionShape3D" parent="Part1/StreetPiece_04" unique_id=635601531]
transform = Transform3D(0.86839294, -0.49325117, -0.051005755, 0.49563062, 0.8666237, 0.05758066, 0.01580111, -0.07528241, 0.9970384, 9.757988, 5.0064526, 0.0848999)
shape = SubResource("BoxShape3D_5k4mi")

[node name="StreetPiece_05" parent="Part1" unique_id=561561806 instance=ExtResource("18_5k4mi")]
transform = Transform3D(-0.4827478, 0.34751076, 0.8038603, 0.8725471, 0.2694026, 0.4075337, -0.07493972, 0.898142, -0.43327308, 108.44883, -13.744566, 6.1903343)

[node name="RockPlatform7" parent="Part1" unique_id=1337213753 instance=ExtResource("14_aiiw7")]
transform = Transform3D(0.9851934, 0.04603901, -0.16514945, -0.016935024, 0.984692, 0.17347896, 0.17060813, -0.16811353, 0.9708917, 85.8271, 0, 4.816474)

[node name="RockPlatform8" parent="Part1" unique_id=274143656 instance=ExtResource("14_aiiw7")]
transform = Transform3D(0.97071916, -0.06852959, 0.23023485, 0.06272084, 0.997503, 0.03246316, -0.23188464, -0.017072087, 0.9725934, 90.23694, -0.20306182, 6.399366)

[node name="RockPlatform9" parent="Part1" unique_id=1034845568 instance=ExtResource("14_aiiw7")]
transform = Transform3D(0.52328527, -0.002021987, 0.8521552, -0.14748241, 0.9846919, 0.09290142, -0.8392982, -0.17429186, 0.51497656, 94.758, 0.45305088, 6.1481943)

[node name="RockPlatform10" parent="Part1" unique_id=1711445612 instance=ExtResource("14_aiiw7")]
transform = Transform3D(0.1460897, -0.07058143, 0.9867502, 0.012770507, 0.997503, 0.06945987, -0.98918885, 0.0024539307, 0.1466262, 99.80589, 0.34912717, 3.3850393)

[node name="RockPlatform11" parent="Part1" unique_id=1469248981 instance=ExtResource("14_aiiw7")]
transform = Transform3D(0.9916909, 0.105796434, -0.07318553, -0.11553113, 0.9826706, -0.14495176, 0.0565819, 0.15220249, 0.9867287, 103.74768, -0.15032339, 3.192212)

[node name="StreetPiece_06" parent="Part1" unique_id=936464385 instance=ExtResource("18_5k4mi")]
transform = Transform3D(0.54807425, 0, 0.83642966, 0, 1, 0, -0.83642966, 0, 0.54807425, 115.227936, -9.536743e-07, 4.4122915)

[node name="StreetPiece_07" parent="Part1" unique_id=11539620 instance=ExtResource("18_5k4mi")]
transform = Transform3D(0.17074266, 0, 0.9853156, -0.06284675, 0.9979638, 0.010890542, -0.9833093, -0.063783355, 0.170395, 129.92245, 0, 14.5208435)

[node name="StreetPiece_08" parent="Part1" unique_id=979336373 instance=ExtResource("18_5k4mi")]
transform = Transform3D(0.334057, 0.0028465472, 0.9425485, -0.17676976, 0.982441, 0.059683528, -0.92582864, -0.18655181, 0.3286945, 144.05827, 0.38198364, 16.852549)

[node name="StreetPiece_09" parent="Part1" unique_id=128474360 instance=ExtResource("18_5k4mi")]
transform = Transform3D(0.49296334, 0.068339735, 0.86736184, -0.12936997, 0.99158573, -0.0046001635, -0.86037827, -0.1099429, 0.49765646, 157.796, 1.1821382, 21.419443)

[node name="StreetPiece_10" parent="Part1" unique_id=604177655 instance=ExtResource("18_5k4mi")]
transform = Transform3D(0.31657776, 0.02378141, 0.94826823, 0.015729725, 0.9994166, -0.030315416, -0.9484364, 0.024513163, 0.31601894, 169.71674, 1.118915, 28.259066)

[node name="RockPlatform12" parent="Part1" unique_id=1779451264 instance=ExtResource("14_aiiw7")]
transform = Transform3D(-0.6072719, -0.6992588, -0.3771709, -0.41357812, -0.12711261, 0.9015517, -0.6783612, 0.7034767, -0.21200605, 93.31008, -10.5924835, 12.529639)

[node name="RockPlatform14" parent="Part1" unique_id=1824422828 instance=ExtResource("14_aiiw7")]
transform = Transform3D(-0.6072719, -0.6992588, -0.3771709, -0.41357812, -0.12711261, 0.9015517, -0.6783612, 0.7034767, -0.21200605, 103.88493, -14.467071, 11.590302)

[node name="RockPlatform15" parent="Part1" unique_id=212053263 instance=ExtResource("14_aiiw7")]
transform = Transform3D(-0.6072719, -0.6992588, -0.3771709, -0.41357812, -0.12711261, 0.9015517, -0.6783612, 0.7034767, -0.21200605, 97.58338, -29.114443, 6.9386454)

[node name="RockPlatform32" parent="Part1" unique_id=1640713248 instance=ExtResource("14_aiiw7")]
transform = Transform3D(-0.25902155, -0.1558754, -0.9532107, 0.87683815, 0.37591335, -0.29974014, 0.40504682, -0.9134507, 0.039307803, 161.91354, -15.739214, -13.262945)

[node name="RockPlatform33" parent="Part1" unique_id=326852032 instance=ExtResource("14_aiiw7")]
transform = Transform3D(-0.0153695755, -0.62692595, 0.7789272, -0.78542364, 0.48965895, 0.37860817, -0.6187681, -0.6059687, -0.49992836, 181.50124, -11.906647, -9.428202)

[node name="RockPlatform34" parent="Part1" unique_id=860012614 instance=ExtResource("14_aiiw7")]
transform = Transform3D(0.86429834, -0.48524123, 0.13240078, 0.36359036, 0.7846319, 0.5021504, -0.34754977, -0.385868, 0.8545847, 172.5125, -36.022247, -18.659714)

[node name="RockPlatform35" parent="Part1" unique_id=1462178205 instance=ExtResource("14_aiiw7")]
transform = Transform3D(0.97663903, 0.20362446, -0.06865497, -0.036069315, -0.15962146, -0.98651916, -0.21183845, 0.9659496, -0.14854786, 156.15738, -17.245216, 2.9743814)

[node name="RockPlatform36" parent="Part1" unique_id=1783414388 instance=ExtResource("14_aiiw7")]
transform = Transform3D(0.6067024, -0.7768015, 0.16879499, -0.41357818, -0.12711261, 0.90155184, -0.6788706, -0.6167835, -0.39838764, 161.66121, -10.5924835, 50.313232)

[node name="RockPlatform37" parent="Part1" unique_id=364901877 instance=ExtResource("14_aiiw7")]
transform = Transform3D(0.6067024, -0.7768015, 0.16879499, -0.41357818, -0.12711261, 0.90155184, -0.6788706, -0.6167835, -0.39838764, 163.76947, -14.467071, 60.718277)

[node name="RockPlatform38" parent="Part1" unique_id=1262681855 instance=ExtResource("14_aiiw7")]
transform = Transform3D(0.6067024, -0.7768015, 0.16879499, -0.41357818, -0.12711261, 0.90155184, -0.6788706, -0.6167835, -0.39838764, 167.6923, -29.114443, 53.93898)

[node name="RockPlatform16" parent="Part1" unique_id=1143947331 instance=ExtResource("14_aiiw7")]
transform = Transform3D(-0.20478442, -0.9534876, -0.22119118, 0.06118697, -0.2380082, 0.96933424, -0.9768931, 0.18497038, 0.10708147, 109.80134, -30.381927, -4.7740583)

[node name="RockPlatform13" parent="Part1" unique_id=1716830490 instance=ExtResource("14_aiiw7")]
transform = Transform3D(0.8809699, -0.1324035, -0.45427012, -0.024387764, -0.9714818, 0.23585668, -0.47254336, -0.19670404, -0.8590753, 100.7309, -7.7650146, 1.0479193)

[node name="Money" parent="Part1" unique_id=1558235994 instance=ExtResource("12_whmur")]
transform = Transform3D(1, 0, 0, 0, 1, 0, 0, 0, 1, 19.01249, 2.0194013, -1.99189)

[node name="Money2" parent="Part1" unique_id=1456954119 instance=ExtResource("12_whmur")]
transform = Transform3D(1, 0, 0, 0, 1, 0, 0, 0, 1, 23.024702, 1.6500571, 0.79208153)

[node name="Money3" parent="Part1" unique_id=2027094342 instance=ExtResource("12_whmur")]
transform = Transform3D(1, 0, 0, 0, 1, 0, 0, 0, 1, 27.186895, 2.7625086, -0.015560575)

[node name="Money4" parent="Part1" unique_id=616355229 instance=ExtResource("12_whmur")]
transform = Transform3D(1, 0, 0, 0, 1, 0, 0, 0, 1, 32.21592, 2.1012852, 0.6810845)

[node name="Money5" parent="Part1" unique_id=525481371 instance=ExtResource("12_whmur")]
