[gd_scene format=3 uid="uid://bittx0fs6022y"]

[ext_resource type="Texture2D" uid="uid://th2k24o0ul0h" path="res://Materials/HDRI/puresky_dusk.hdr" id="1_u2db0"]
[ext_resource type="PackedScene" uid="uid://dgsb6f8vuvfy4" path="res://Player/pause_menu.tscn" id="2_fa5cs"]
[ext_resource type="PackedScene" uid="uid://y01nc0no6pym" path="res://Player/Player.tscn" id="3_b6m8f"]
[ext_resource type="Texture2D" uid="uid://6lrfq3q2c5bq" path="res://Textures/rock.png" id="4_cb68q"]
[ext_resource type="Texture2D" uid="uid://b0agfb7xjttyi" path="res://Textures/grass_surface.png" id="5_fa5cs"]
[ext_resource type="PackedScene" uid="uid://bwb3lf4nujqjp" path="res://Objects/house.tscn" id="6_b6m8f"]
[ext_resource type="PackedScene" uid="uid://6eojjbur7vme" path="res://Objects/Mirror_Frame.tscn" id="7_e84dk"]

[sub_resource type="PanoramaSkyMaterial" id="PanoramaSkyMaterial_yvdnq"]
panorama = ExtResource("1_u2db0")
energy_multiplier = 0.25

[sub_resource type="Sky" id="Sky_cb68q"]
sky_material = SubResource("PanoramaSkyMaterial_yvdnq")

[sub_resource type="Environment" id="Environment_fa5cs"]
background_mode = 2
sky = SubResource("Sky_cb68q")

[sub_resource type="StandardMaterial3D" id="StandardMaterial3D_fa5cs"]
albedo_texture = ExtResource("4_cb68q")
uv1_scale = Vector3(0.1, 0.1, 0.1)
uv1_triplanar = true

[sub_resource type="StandardMaterial3D" id="StandardMaterial3D_b6m8f"]
albedo_texture = ExtResource("5_fa5cs")
uv1_scale = Vector3(0.2, 0.2, 0.2)
uv1_triplanar = true

[sub_resource type="BoxShape3D" id="BoxShape3D_e84dk"]
size = Vector3(0.44921875, 1.6132813, 2.3687744)

[node name="game_level" type="Node3D" unique_id=1264758789]

[node name="Player" parent="." unique_id=415425465 instance=ExtResource("3_b6m8f")]
transform = Transform3D(-0.70710677, 0, 0.70710677, 0, 1, 0, -0.70710677, 0, -0.70710677, 0, 3.9084187, 0)

[node name="CanvasLayer" type="CanvasLayer" parent="." unique_id=752345499]

[node name="PauseMenu" parent="CanvasLayer" unique_id=1064055106 instance=ExtResource("2_fa5cs")]

[node name="Environment" type="Node" parent="." unique_id=71948187]

[node name="WorldEnvironment" type="WorldEnvironment" parent="Environment" unique_id=1013910137]
environment = SubResource("Environment_fa5cs")

[node name="DirectionalLight3D" type="DirectionalLight3D" parent="Environment" unique_id=2067661062]
transform = Transform3D(0.7299356, 0.25396872, -0.6345816, 0, 0.928408, 0.37156236, 0.68351597, -0.2712166, 0.67767817, -11.357981, 5.4131355, 10.45929)

[node name="Beginning" type="Node3D" parent="." unique_id=827018081]

[node name="CSGCombiner3D" type="CSGCombiner3D" parent="Beginning" unique_id=1877268991]
use_collision = true

[node name="BasePlate" type="CSGBox3D" parent="Beginning/CSGCombiner3D" unique_id=575837449]
transform = Transform3D(30, 0, 0, 0, 1, 0, 0, 0, 30, 0, -1378.2305, 0)
use_collision = true
size = Vector3(1, 2757.461, 1)
material = SubResource("StandardMaterial3D_fa5cs")

[node name="Grass" type="CSGBox3D" parent="Beginning/CSGCombiner3D" unique_id=668599984]
transform = Transform3D(30, 0, 0, 0, 1, 0, 0, 0, 30, 0, 1, 0)
material = SubResource("StandardMaterial3D_b6m8f")

[node name="House" parent="Beginning" unique_id=85175485 instance=ExtResource("6_b6m8f")]
transform = Transform3D(0.3, 0, 0, 0, 0.3, 0, 0, 0, 0.3, 0, 2.0067327, 0)

[node name="MirrorFrame" parent="Beginning" unique_id=51320287 instance=ExtResource("7_e84dk")]
transform = Transform3D(0.61425763, 0, 0.78910553, 0, 1, 0, -0.78910553, 0, 0.61425763, -4.5441933, 3.3806558, 4.547495)

[node name="StaticBody3D" type="StaticBody3D" parent="Beginning" unique_id=926325093]
transform = Transform3D(1, 0, 0, 0, 1, 0, 0, 0, 1, 10.955462, 1.998971, 0)

[node name="CollisionShape3D" type="CollisionShape3D" parent="Beginning/StaticBody3D" unique_id=1183525357]
transform = Transform3D(0.5489645, -0.8358457, 0, 0.8358457, 0.5489645, 0, 0, 0, 1, 0.04992199, -0.30251837, 0.0037231445)
shape = SubResource("BoxShape3D_e84dk")
